9 24
0 0.25 4 1 0 0 0
0 0 0 1 0 0 0
-2 1 0 1 0 0 0
0.5 0.75 0 1 0 0 0
0.7 0 0 1 0 0 0
-0.5 0.75 0 1 0 0 0
-0.7 0 0 1 0 0 0
0 0.75 0 1 0 0 0
0.4 -0.75 0 1 0 0 0
0 -1 0 1 0 0 0
-0.4 -0.75 0 1 0 0 0
0 -1 0 1 0 0 0
2 1 0 1 0 0 0
0.5 0.75 0 1 0 0 0
0.7 0 0 1 0 0 0
-0.5 0.75 0 1 0 0 0
-0.7 0 0 1 0 0 0
0 0.75 0 1 0 0 0
0.4 -0.75 0 1 0 0 0
0 -1 0 1 0 0 0
-0.4 -0.75 0 1 0 0 0
0 -1 0 1 0 0 0
2 3 10 1 0 0 0
-2 0.5 -5 1 0 0 0
1.74721 1.2747 3.37415 0.964303 -0.140377 0.222911 -0.026927
0 0 0 1 0 0 0
-2 1 0 1 0 0 0
0.5 0.75 0 1 0 0 0
0.7 0 0 1 0 0 0
-0.5 0.75 0 1 0 0 0
-0.7 0 0 1 0 0 0
0 0.75 0 1 0 0 0
0.4 -0.75 0 1 0 0 0
0 -1 0 1 0 0 0
-0.4 -0.75 0 1 0 0 0
0 -1 0 1 0 0 0
2 1 0 1 0 0 0
0.5 0.75 0 1 0 0 0
0.7 0 0 1 0 0 0
-0.5 0.75 0 1 0 0 0
-0.7 0 0 1 0 0 0
0 0.75 0 1 0 0 0
0.4 -0.75 0 1 0 0 0
0 -1 0 1 0 0 0
-0.4 -0.75 0 1 0 0 0
0 -1 0 1 0 0 0
2 3 10 1 0 0 0
-2 0.5 -5 1 0 0 0
3.47884 1.91784 0.531101 0.761434 -0.334154 0.55103 -0.070177
0 0 0 1 0 0 0
-2 1 0 1 0 0 0
0.5 0.75 0 1 0 0 0
0.7 0 0 1 0 0 0
-0.5 0.75 0 1 0 0 0
-0.7 0 0 1 0 0 0
0 0.75 0 1 0 0 0
0.4 -0.75 0 1 0 0 0
0 -1 0 1 0 0 0
-0.4 -0.75 0 1 0 0 0
0 -1 0 1 0 0 0
2 1 0 1 0 0 0
0.5 0.75 0 1 0 0 0
0.7 0 0 1 0 0 0
-0.5 0.75 0 1 0 0 0
-0.7 0 0 1 0 0 0
0 0.75 0 1 0 0 0
0.4 -0.75 0 1 0 0 0
0 -1 0 1 0 0 0
-0.4 -0.75 0 1 0 0 0
0 -1 0 1 0 0 0
2 3 10 1 0 0 0
-2 0.5 -5 1 0 0 0
3.10937 1.73525 -1.83935 0.533344 -0.425223 0.730118 -0.0407182
0 0 0 1 0 0 0
-2 1 0 1 0 0 0
0.5 0.75 0 1 0 0 0
0.7 0 0 1 0 0 0
-0.5 0.75 0 1 0 0 0
-0.7 0 0 1 0 0 0
0 0.75 0 1 0 0 0
0.4 -0.75 0 1 0 0 0
0 -1 0 1 0 0 0
-0.4 -0.75 0 1 0 0 0
0 -1 0 1 0 0 0
2 1 0 1 0 0 0
0.5 0.75 0 1 0 0 0
0.7 0 0 1 0 0 0
-0.5 0.75 0 1 0 0 0
-0.7 0 0 1 0 0 0
0 0.75 0 1 0 0 0
0.4 -0.75 0 1 0 0 0
0 -1 0 1 0 0 0
-0.4 -0.75 0 1 0 0 0
0 -1 0 1 0 0 0
2 3 10 1 0 0 0
-2 0.5 -5 1 0 0 0
1.03102 1.2482 -3.66627 0.205766 -0.459231 0.862676 0.0505647
0 0 0 1 0 0 0
-2 1 0 1 0 0 0
0.5 0.75 0 1 0 0 0
0.7 0 0 1 0 0 0
-0.5 0.75 0 1 0 0 0
-0.7 0 0 1 0 0 0
0 0.75 0 1 0 0 0
0.4 -0.75 0 1 0 0 0
0 -1 0 1 0 0 0
-0.4 -0.75 0 1 0 0 0
0 -1 0 1 0 0 0
2 1 0 1 0 0 0
0.5 0.75 0 1 0 0 0
0.7 0 0 1 0 0 0
-0.5 0.75 0 1 0 0 0
-0.7 0 0 1 0 0 0
0 0.75 0 1 0 0 0
0.4 -0.75 0 1 0 0 0
0 -1 0 1 0 0 0
-0.4 -0.75 0 1 0 0 0
0 -1 0 1 0 0 0
2 3 10 1 0 0 0
-2 0.5 -5 1 0 0 0
-1.71164 0.575065 -3.578 -0.157595 -0.403233 0.892097 0.129345
0 0 0 1 0 0 0
-2 1 0 1 0 0 0
0.5 0.75 0 1 0 0 0
0.7 0 0 1 0 0 0
-0.5 0.75 0 1 0 0 0
-0.7 0 0 1 0 0 0
0 0.75 0 1 0 0 0
0.4 -0.75 0 1 0 0 0
0 -1 0 1 0 0 0
-0.4 -0.75 0 1 0 0 0
0 -1 0 1 0 0 0
2 1 0 1 0 0 0
0.5 0.75 0 1 0 0 0
0.7 0 0 1 0 0 0
-0.5 0.75 0 1 0 0 0
-0.7 0 0 1 0 0 0
0 0.75 0 1 0 0 0
0.4 -0.75 0 1 0 0 0
0 -1 0 1 0 0 0
-0.4 -0.75 0 1 0 0 0
0 -1 0 1 0 0 0
2 3 10 1 0 0 0
-2 0.5 -5 1 0 0 0
-3.93953 -0.300903 -0.672344 -0.611106 -0.286508 0.721079 0.156551
0 0 0 1 0 0 0
-2 1 0 1 0 0 0
0.5 0.75 0 1 0 0 0
0.7 0 0 1 0 0 0
-0.5 0.75 0 1 0 0 0
-0.7 0 0 1 0 0 0
0 0.75 0 1 0 0 0
0.4 -0.75 0 1 0 0 0
0 -1 0 1 0 0 0
-0.4 -0.75 0 1 0 0 0
0 -1 0 1 0 0 0
2 1 0 1 0 0 0
0.5 0.75 0 1 0 0 0
0.7 0 0 1 0 0 0
-0.5 0.75 0 1 0 0 0
-0.7 0 0 1 0 0 0
0 0.75 0 1 0 0 0
0.4 -0.75 0 1 0 0 0
0 -1 0 1 0 0 0
-0.4 -0.75 0 1 0 0 0
0 -1 0 1 0 0 0
2 3 10 1 0 0 0
-2 0.5 -5 1 0 0 0
-2.89037 -0.746234 2.67421 -0.900235 -0.180185 0.381996 0.105781
0 0 0 1 0 0 0
-2 1 0 1 0 0 0
0.5 0.75 0 1 0 0 0
0.7 0 0 1 0 0 0
-0.5 0.75 0 1 0 0 0
-0.7 0 0 1 0 0 0
0 0.75 0 1 0 0 0
0.4 -0.75 0 1 0 0 0
0 -1 0 1 0 0 0
-0.4 -0.75 0 1 0 0 0
0 -1 0 1 0 0 0
2 1 0 1 0 0 0
0.5 0.75 0 1 0 0 0
0.7 0 0 1 0 0 0
-0.5 0.75 0 1 0 0 0
-0.7 0 0 1 0 0 0
0 0.75 0 1 0 0 0
0.4 -0.75 0 1 0 0 0
0 -1 0 1 0 0 0
-0.4 -0.75 0 1 0 0 0
0 -1 0 1 0 0 0
2 3 10 1 0 0 0
-2 0.5 -5 1 0 0 0
-0.248396 -0.683259 3.94131 -0.991589 -0.117939 0.0285607 0.0450022
0 0 0 1 0 0 0
-2 1 0 1 0 0 0
0.5 0.75 0 1 0 0 0
0.7 0 0 1 0 0 0
-0.5 0.75 0 1 0 0 0
-0.7 0 0 1 0 0 0
0 0.75 0 1 0 0 0
0.4 -0.75 0 1 0 0 0
0 -1 0 1 0 0 0
-0.4 -0.75 0 1 0 0 0
0 -1 0 1 0 0 0
2 1 0 1 0 0 0
0.5 0.75 0 1 0 0 0
0.7 0 0 1 0 0 0
-0.5 0.75 0 1 0 0 0
-0.7 0 0 1 0 0 0
0 0.75 0 1 0 0 0
0.4 -0.75 0 1 0 0 0
0 -1 0 1 0 0 0
-0.4 -0.75 0 1 0 0 0
0 -1 0 1 0 0 0
2 3 10 1 0 0 0
-2 0.5 -5 1 0 0 0
