14 25
0 0.200651 11.2152 1 0 0 0
0 0 0 1 0 0 0
-5 1 0 1 0 0 0
0.5 0.75 0 1 0 0 0
0.7 0 0 1 0 0 0
-0.5 0.75 0 1 0 0 0
-0.7 0 0 1 0 0 0
0 0.75 0 1 0 0 0
0.4 -0.75 0 1 0 0 0
0 -1 0 1 0 0 0
-0.4 -0.75 0 1 0 0 0
0 -1 0 1 0 0 0
5 1 0 1 0 0 0
0.5 0.75 0 1 0 0 0
0.7 0 0 1 0 0 0
-0.5 0.75 0 1 0 0 0
-0.7 0 0 1 0 0 0
0 0.75 0 1 0 0 0
0.4 -0.75 0 1 0 0 0
0 -1 0 1 0 0 0
-0.4 -0.75 0 1 0 0 0
0 -1 0 1 0 0 0
2 3 10 1 0 0 0
-2 0.5 -5 1 0 0 0
0 0.5 0 1 0 0 0
4.35805 1.44666 10.234 0.978131 -0.052897 0.20022 0.019312
0 0 0 1 0 0 0
-5 1 0 1 0 0 0
0.5 0.75 0 1 0 0 0
0.7 0 0 1 0 0 0
-0.5 0.75 0 1 0 0 0
-0.7 0 0 1 0 0 0
0 0.75 0 1 0 0 0
0.4 -0.75 0 1 0 0 0
0 -1 0 1 0 0 0
-0.4 -0.75 0 1 0 0 0
0 -1 0 1 0 0 0
5 1 0 1 0 0 0
0.5 0.75 0 1 0 0 0
0.7 0 0 1 0 0 0
-0.5 0.75 0 1 0 0 0
-0.7 0 0 1 0 0 0
0 0.75 0 1 0 0 0
0.4 -0.75 0 1 0 0 0
0 -1 0 1 0 0 0
-0.4 -0.75 0 1 0 0 0
0 -1 0 1 0 0 0
2 3 10 1 0 0 0
-2 0.5 -5 1 0 0 0
0 0.5 0 1 0 0 0
8.1089 2.94236 7.17 0.905015 -0.11463 0.407043 0.0460964
0 0 0 1 0 0 0
-5 1 0 1 0 0 0
0.5 0.75 0 1 0 0 0
0.7 0 0 1 0 0 0
-0.5 0.75 0 1 0 0 0
-0.7 0 0 1 0 0 0
0 0.75 0 1 0 0 0
0.4 -0.75 0 1 0 0 0
0 -1 0 1 0 0 0
-0.4 -0.75 0 1 0 0 0
0 -1 0 1 0 0 0
5 1 0 1 0 0 0
0.5 0.75 0 1 0 0 0
0.7 0 0 1 0 0 0
-0.5 0.75 0 1 0 0 0
-0.7 0 0 1 0 0 0
0 0.75 0 1 0 0 0
0.4 -0.75 0 1 0 0 0
0 -1 0 1 0 0 0
-0.4 -0.75 0 1 0 0 0
0 -1 0 1 0 0 0
2 3 10 1 0 0 0
-2 0.5 -5 1 0 0 0
0 0.5 0 1 0 0 0
10.0613 4.93655 0.47069 0.715881 -0.204292 0.660183 0.0996897
0 0 0 1 0 0 0
-5 1 0 1 0 0 0
0.5 0.75 0 1 0 0 0
0.7 0 0 1 0 0 0
-0.5 0.75 0 1 0 0 0
-0.7 0 0 1 0 0 0
0 0.75 0 1 0 0 0
0.4 -0.75 0 1 0 0 0
0 -1 0 1 0 0 0
-0.4 -0.75 0 1 0 0 0
0 -1 0 1 0 0 0
5 1 0 1 0 0 0
0.5 0.75 0 1 0 0 0
0.7 0 0 1 0 0 0
-0.5 0.75 0 1 0 0 0
-0.7 0 0 1 0 0 0
0 0.75 0 1 0 0 0
0.4 -0.75 0 1 0 0 0
0 -1 0 1 0 0 0
-0.4 -0.75 0 1 0 0 0
0 -1 0 1 0 0 0
2 3 10 1 0 0 0
-2 0.5 -5 1 0 0 0
0 0.5 0 1 0 0 0
6.69911 4.46349 -7.81152 0.365654 -0.199572 0.899575 0.131278
0 0 0 1 0 0 0
-5 1 0 1 0 0 0
0.5 0.75 0 1 0 0 0
0.7 0 0 1 0 0 0
-0.5 0.75 0 1 0 0 0
-0.7 0 0 1 0 0 0
0 0.75 0 1 0 0 0
0.4 -0.75 0 1 0 0 0
0 -1 0 1 0 0 0
-0.4 -0.75 0 1 0 0 0
0 -1 0 1 0 0 0
5 1 0 1 0 0 0
0.5 0.75 0 1 0 0 0
0.7 0 0 1 0 0 0
-0.5 0.75 0 1 0 0 0
-0.7 0 0 1 0 0 0
0 0.75 0 1 0 0 0
0.4 -0.75 0 1 0 0 0
0 -1 0 1 0 0 0
-0.4 -0.75 0 1 0 0 0
0 -1 0 1 0 0 0
2 3 10 1 0 0 0
-2 0.5 -5 1 0 0 0
0 0.5 0 1 0 0 0
3.02411 -0.300787 -10.7974 0.135796 -0.0365274 0.989679 -0.0275626
0 0 0 1 0 0 0
-5 1 0 1 0 0 0
0.5 0.75 0 1 0 0 0
0.7 0 0 1 0 0 0
-0.5 0.75 0 1 0 0 0
-0.7 0 0 1 0 0 0
0 0.75 0 1 0 0 0
0.4 -0.75 0 1 0 0 0
0 -1 0 1 0 0 0
-0.4 -0.75 0 1 0 0 0
0 -1 0 1 0 0 0
5 1 0 1 0 0 0
0.5 0.75 0 1 0 0 0
0.7 0 0 1 0 0 0
-0.5 0.75 0 1 0 0 0
-0.7 0 0 1 0 0 0
0 0.75 0 1 0 0 0
0.4 -0.75 0 1 0 0 0
0 -1 0 1 0 0 0
-0.4 -0.75 0 1 0 0 0
0 -1 0 1 0 0 0
2 3 10 1 0 0 0
-2 0.5 -5 1 0 0 0
0 0.5 0 1 0 0 0
-6.42354 1.6135 -9.05292 -0.311223 0.16132 0.936438 0.0141504
0 0 0 1 0 0 0
-5 1 0 1 0 0 0
0.5 0.75 0 1 0 0 0
0.7 0 0 1 0 0 0
-0.5 0.75 0 1 0 0 0
-0.7 0 0 1 0 0 0
0 0.75 0 1 0 0 0
0.4 -0.75 0 1 0 0 0
0 -1 0 1 0 0 0
-0.4 -0.75 0 1 0 0 0
0 -1 0 1 0 0 0
5 1 0 1 0 0 0
0.5 0.75 0 1 0 0 0
0.7 0 0 1 0 0 0
-0.5 0.75 0 1 0 0 0
-0.7 0 0 1 0 0 0
0 0.75 0 1 0 0 0
0.4 -0.75 0 1 0 0 0
0 -1 0 1 0 0 0
-0.4 -0.75 0 1 0 0 0
0 -1 0 1 0 0 0
2 3 10 1 0 0 0
-2 0.5 -5 1 0 0 0
0 0.5 0 1 0 0 0
-9.7694 5.45387 0.796654 -0.734598 0.317921 0.599396 0.00411359
0 0 0 1 0 0 0
-5 1 0 1 0 0 0
0.5 0.75 0 1 0 0 0
0.7 0 0 1 0 0 0
-0.5 0.75 0 1 0 0 0
-0.7 0 0 1 0 0 0
0 0.75 0 1 0 0 0
0.4 -0.75 0 1 0 0 0
0 -1 0 1 0 0 0
-0.4 -0.75 0 1 0 0 0
0 -1 0 1 0 0 0
5 1 0 1 0 0 0
0.5 0.75 0 1 0 0 0
0.7 0 0 1 0 0 0
-0.5 0.75 0 1 0 0 0
-0.7 0 0 1 0 0 0
0 0.75 0 1 0 0 0
0.4 -0.75 0 1 0 0 0
0 -1 0 1 0 0 0
-0.4 -0.75 0 1 0 0 0
0 -1 0 1 0 0 0
2 3 10 1 0 0 0
-2 0.5 -5 1 0 0 0
0 0.5 0 1 0 0 0
-9.15329 6.2338 1.78262 -0.764114 0.345038 0.544878 0.0136868
0 0 0 1 0 0 0
-5 1 0 1 0 0 0
0.5 0.75 0 1 0 0 0
0.7 0 0 1 0 0 0
-0.5 0.75 0 1 0 0 0
-0.7 0 0 1 0 0 0
0 0.75 0 1 0 0 0
0.4 -0.75 0 1 0 0 0
0 -1 0 1 0 0 0
-0.4 -0.75 0 1 0 0 0
0 -1 0 1 0 0 0
5 1 0 1 0 0 0
0.5 0.75 0 1 0 0 0
0.7 0 0 1 0 0 0
-0.5 0.75 0 1 0 0 0
-0.7 0 0 1 0 0 0
0 0.75 0 1 0 0 0
0.4 -0.75 0 1 0 0 0
0 -1 0 1 0 0 0
-0.4 -0.75 0 1 0 0 0
0 -1 0 1 0 0 0
2 3 10 1 0 0 0
-2 0.5 -5 1 0 0 0
0 0.5 0 1 0 0 0
-7.84573 6.66144 4.45985 -0.83885 0.339435 0.425388 0.0126161
0 0 0 1 0 0 0
-5 1 0 1 0 0 0
0.5 0.75 0 1 0 0 0
0.7 0 0 1 0 0 0
-0.5 0.75 0 1 0 0 0
-0.7 0 0 1 0 0 0
0 0.75 0 1 0 0 0
0.4 -0.75 0 1 0 0 0
0 -1 0 1 0 0 0
-0.4 -0.75 0 1 0 0 0
0 -1 0 1 0 0 0
5 1 0 1 0 0 0
0.5 0.75 0 1 0 0 0
0.7 0 0 1 0 0 0
-0.5 0.75 0 1 0 0 0
-0.7 0 0 1 0 0 0
0 0.75 0 1 0 0 0
0.4 -0.75 0 1 0 0 0
0 -1 0 1 0 0 0
-0.4 -0.75 0 1 0 0 0
0 -1 0 1 0 0 0
2 3 10 1 0 0 0
-2 0.5 -5 1 0 0 0
0 0.5 0 1 0 0 0
-4.87004 9.96383 1.68089 -0.757135 0.538603 0.358134 0.0916173
0 0 0 1 0 0 0
-5 1 0 1 0 0 0
0.5 0.75 0 1 0 0 0
0.7 0 0 1 0 0 0
-0.5 0.75 0 1 0 0 0
-0.7 0 0 1 0 0 0
0 0.75 0 1 0 0 0
0.4 -0.75 0 1 0 0 0
0 -1 0 1 0 0 0
-0.4 -0.75 0 1 0 0 0
0 -1 0 1 0 0 0
5 1 0 1 0 0 0
0.5 0.75 0 1 0 0 0
0.7 0 0 1 0 0 0
-0.5 0.75 0 1 0 0 0
-0.7 0 0 1 0 0 0
0 0.75 0 1 0 0 0
0.4 -0.75 0 1 0 0 0
0 -1 0 1 0 0 0
-0.4 -0.75 0 1 0 0 0
0 -1 0 1 0 0 0
2 3 10 1 0 0 0
-2 0.5 -5 1 0 0 0
0 0.5 0 1 0 0 0
-5.16781 2.01258 9.75007 -0.966596 0.0740311 0.242332 0.0385692
0 0 0 1 0 0 0
-5 1 0 1 0 0 0
0.5 0.75 0 1 0 0 0
0.7 0 0 1 0 0 0
-0.5 0.75 0 1 0 0 0
-0.7 0 0 1 0 0 0
0 0.75 0 1 0 0 0
0.4 -0.75 0 1 0 0 0
0 -1 0 1 0 0 0
-0.4 -0.75 0 1 0 0 0
0 -1 0 1 0 0 0
5 1 0 1 0 0 0
0.5 0.75 0 1 0 0 0
0.7 0 0 1 0 0 0
-0.5 0.75 0 1 0 0 0
-0.7 0 0 1 0 0 0
0 0.75 0 1 0 0 0
0.4 -0.75 0 1 0 0 0
0 -1 0 1 0 0 0
-0.4 -0.75 0 1 0 0 0
0 -1 0 1 0 0 0
2 3 10 1 0 0 0
-2 0.5 -5 1 0 0 0
0 0.5 0 1 0 0 0
-0.985635 3.26124 10.6871 -0.988115 0.135855 0.0522744 0.049397
0 0 0 1 0 0 0
-5 1 0 1 0 0 0
0.5 0.75 0 1 0 0 0
0.7 0 0 1 0 0 0
-0.5 0.75 0 1 0 0 0
-0.7 0 0 1 0 0 0
0 0.75 0 1 0 0 0
0.4 -0.75 0 1 0 0 0
0 -1 0 1 0 0 0
-0.4 -0.75 0 1 0 0 0
0 -1 0 1 0 0 0
5 1 0 1 0 0 0
0.5 0.75 0 1 0 0 0
0.7 0 0 1 0 0 0
-0.5 0.75 0 1 0 0 0
-0.7 0 0 1 0 0 0
0 0.75 0 1 0 0 0
0.4 -0.75 0 1 0 0 0
0 -1 0 1 0 0 0
-0.4 -0.75 0 1 0 0 0
0 -1 0 1 0 0 0
2 3 10 1 0 0 0
-2 0.5 -5 1 0 0 0
0 0.5 0 1 0 0 0
1.58664 4.25553 10.2564 -0.979232 0.187974 -0.063802 0.041236
0 0 0 1 0 0 0
-5 1 0 1 0 0 0
0.5 0.75 0 1 0 0 0
0.7 0 0 1 0 0 0
-0.5 0.75 0 1 0 0 0
-0.7 0 0 1 0 0 0
0 0.75 0 1 0 0 0
0.4 -0.75 0 1 0 0 0
0 -1 0 1 0 0 0
-0.4 -0.75 0 1 0 0 0
0 -1 0 1 0 0 0
5 1 0 1 0 0 0
0.5 0.75 0 1 0 0 0
0.7 0 0 1 0 0 0
-0.5 0.75 0 1 0 0 0
-0.7 0 0 1 0 0 0
0 0.75 0 1 0 0 0
0.4 -0.75 0 1 0 0 0
0 -1 0 1 0 0 0
-0.4 -0.75 0 1 0 0 0
0 -1 0 1 0 0 0
2 3 10 1 0 0 0
-2 0.5 -5 1 0 0 0
0 0.5 0 1 0 0 0
