25 24
0 0.25 4 1 0 0 0
0 0 0 1 0 0 0
-2 1 0 1 0 0 0
0.5 0.75 0 1 0 0 0
0.7 0 0 1 0 0 0
-0.5 0.75 0 1 0 0 0
-0.7 0 0 1 0 0 0
0 0.75 0 1 0 0 0
0.4 -0.75 0 1 0 0 0
0 -1 0 1 0 0 0
-0.4 -0.75 0 1 0 0 0
0 -1 0 1 0 0 0
2 1 0 1 0 0 0
0.5 0.75 0 1 0 0 0
0.7 0 0 1 0 0 0
-0.5 0.75 0 1 0 0 0
-0.7 0 0 1 0 0 0
0 0.75 0 1 0 0 0
0.4 -0.75 0 1 0 0 0
0 -1 0 1 0 0 0
-0.4 -0.75 0 1 0 0 0
0 -1 0 1 0 0 0
2 3 10 1 0 0 0
-2 0.5 -5 1 0 0 0
0 0.25 4 1 0 0 0
0 0 0 1 0 0 0
-2 1 0 1 0 0 0
0.5 0.75 0 1 0 0 0
0.7 0 0 1 0 0 0
-0.5 0.75 0 1 0 0 0
-0.7 0 0 1 0 0 0
0 0.75 0 1 0 0 0
0.4 -0.75 0 1 0 0 0
0 -1 0 1 0 0 0
-0.4 -0.75 0 1 0 0 0
0 -1 0 1 0 0 0
2 1 0 1 0 0 0
0.5 0.75 0 1 0 0 0
0.7 0 0 1 0 0 0
-0.5 0.75 0 1 0 0 0
-0.7 0 0 1 0 0 0
0 0.75 0 1 0 0 0
0.4 -0.75 0 1 0 0 0
0 -1 0 1 0 0 0
-0.4 -0.75 0 1 0 0 0
0 -1 0 1 0 0 0
2 3 10 1 0 0 0
-2 0.5 -5 1 0 0 0
2.0411 0.696134 3.37814 0.962159 -0.0580491 0.266234 0.00046936
0 0 0 1 0 0 0
-2 1 0 1 0 0 0
0.5 0.75 0 1 0 0 0
0.7 0 0 1 0 0 0
-0.5 0.75 0 1 0 0 0
-0.7 0 0 1 0 0 0
0 0.75 0 1 0 0 0
0.4 -0.75 0 1 0 0 0
0 -1 0 1 0 0 0
-0.4 -0.75 0 1 0 0 0
0 -1 0 1 0 0 0
2 1 0 1 0 0 0
0.5 0.75 0 1 0 0 0
0.7 0 0 1 0 0 0
-0.5 0.75 0 1 0 0 0
-0.7 0 0 1 0 0 0
0 0.75 0 1 0 0 0
0.4 -0.75 0 1 0 0 0
0 -1 0 1 0 0 0
-0.4 -0.75 0 1 0 0 0
0 -1 0 1 0 0 0
2 3 10 1 0 0 0
-2 0.5 -5 1 0 0 0
2.67685 2.98026 0.122758 0.716182 -0.39312 0.562951 0.125005
0 0 0 1 0 0 0
-2 1 0 1 0 0 0
0.5 0.75 0 1 0 0 0
0.7 0 0 1 0 0 0
-0.5 0.75 0 1 0 0 0
-0.7 0 0 1 0 0 0
0 0.75 0 1 0 0 0
0.4 -0.75 0 1 0 0 0
0 -1 0 1 0 0 0
-0.4 -0.75 0 1 0 0 0
0 -1 0 1 0 0 0
2 1 0 1 0 0 0
0.5 0.75 0 1 0 0 0
0.7 0 0 1 0 0 0
-0.5 0.75 0 1 0 0 0
-0.7 0 0 1 0 0 0
0 0.75 0 1 0 0 0
0.4 -0.75 0 1 0 0 0
0 -1 0 1 0 0 0
-0.4 -0.75 0 1 0 0 0
0 -1 0 1 0 0 0
2 3 10 1 0 0 0
-2 0.5 -5 1 0 0 0
-0.588054 3.44954 -1.9538 0.296776 -0.579821 0.643014 0.402821
0 0 0 1 0 0 0
-2 1 0 1 0 0 0
0.5 0.75 0 1 0 0 0
0.7 0 0 1 0 0 0
-0.5 0.75 0 1 0 0 0
-0.7 0 0 1 0 0 0
0 0.75 0 1 0 0 0
0.4 -0.75 0 1 0 0 0
0 -1 0 1 0 0 0
-0.4 -0.75 0 1 0 0 0
0 -1 0 1 0 0 0
2 1 0 1 0 0 0
0.5 0.75 0 1 0 0 0
0.7 0 0 1 0 0 0
-0.5 0.75 0 1 0 0 0
-0.7 0 0 1 0 0 0
0 0.75 0 1 0 0 0
0.4 -0.75 0 1 0 0 0
0 -1 0 1 0 0 0
-0.4 -0.75 0 1 0 0 0
0 -1 0 1 0 0 0
2 3 10 1 0 0 0
-2 0.5 -5 1 0 0 0
-0.496055 0.752889 -3.90507 -0.0707731 0.0664314 0.993525 0.0590354
0 0 0 1 0 0 0
-2 1 0 1 0 0 0
0.5 0.75 0 1 0 0 0
0.7 0 0 1 0 0 0
-0.5 0.75 0 1 0 0 0
-0.7 0 0 1 0 0 0
0 0.75 0 1 0 0 0
0.4 -0.75 0 1 0 0 0
0 -1 0 1 0 0 0
-0.4 -0.75 0 1 0 0 0
0 -1 0 1 0 0 0
2 1 0 1 0 0 0
0.5 0.75 0 1 0 0 0
0.7 0 0 1 0 0 0
-0.5 0.75 0 1 0 0 0
-0.7 0 0 1 0 0 0
0 0.75 0 1 0 0 0
0.4 -0.75 0 1 0 0 0
0 -1 0 1 0 0 0
-0.4 -0.75 0 1 0 0 0
0 -1 0 1 0 0 0
2 3 10 1 0 0 0
-2 0.5 -5 1 0 0 0
-3.97607 0.35162 -0.360229 -0.672978 0.144946 0.716069 -0.115486
0 0 0 1 0 0 0
-2 1 0 1 0 0 0
0.5 0.75 0 1 0 0 0
0.7 0 0 1 0 0 0
-0.5 0.75 0 1 0 0 0
-0.7 0 0 1 0 0 0
0 0.75 0 1 0 0 0
0.4 -0.75 0 1 0 0 0
0 -1 0 1 0 0 0
-0.4 -0.75 0 1 0 0 0
0 -1 0 1 0 0 0
2 1 0 1 0 0 0
0.5 0.75 0 1 0 0 0
0.7 0 0 1 0 0 0
-0.5 0.75 0 1 0 0 0
-0.7 0 0 1 0 0 0
0 0.75 0 1 0 0 0
0.4 -0.75 0 1 0 0 0
0 -1 0 1 0 0 0
-0.4 -0.75 0 1 0 0 0
0 -1 0 1 0 0 0
2 3 10 1 0 0 0
-2 0.5 -5 1 0 0 0
-1.51946 0.662901 3.64888 -0.973585 0.0762412 0.179173 -0.11923
0 0 0 1 0 0 0
-2 1 0 1 0 0 0
0.5 0.75 0 1 0 0 0
0.7 0 0 1 0 0 0
-0.5 0.75 0 1 0 0 0
-0.7 0 0 1 0 0 0
0 0.75 0 1 0 0 0
0.4 -0.75 0 1 0 0 0
0 -1 0 1 0 0 0
-0.4 -0.75 0 1 0 0 0
0 -1 0 1 0 0 0
2 1 0 1 0 0 0
0.5 0.75 0 1 0 0 0
0.7 0 0 1 0 0 0
-0.5 0.75 0 1 0 0 0
-0.7 0 0 1 0 0 0
0 0.75 0 1 0 0 0
0.4 -0.75 0 1 0 0 0
0 -1 0 1 0 0 0
-0.4 -0.75 0 1 0 0 0
0 -1 0 1 0 0 0
2 3 10 1 0 0 0
-2 0.5 -5 1 0 0 0
1.15808 0.528915 8.40841 -0.990924 0.00863937 -0.0730503 -0.112514
0 0 0 1 0 0 0
-2 1 0 1 0 0 0
0.5 0.75 0 1 0 0 0
0.7 0 0 1 0 0 0
-0.5 0.75 0 1 0 0 0
-0.7 0 0 1 0 0 0
0 0.75 0 1 0 0 0
0.4 -0.75 0 1 0 0 0
0 -1 0 1 0 0 0
-0.4 -0.75 0 1 0 0 0
0 -1 0 1 0 0 0
2 1 0 1 0 0 0
0.5 0.75 0 1 0 0 0
0.7 0 0 1 0 0 0
-0.5 0.75 0 1 0 0 0
-0.7 0 0 1 0 0 0
0 0.75 0 1 0 0 0
0.4 -0.75 0 1 0 0 0
0 -1 0 1 0 0 0
-0.4 -0.75 0 1 0 0 0
0 -1 0 1 0 0 0
2 3 10 1 0 0 0
-2 0.5 -5 1 0 0 0
1.22372 0.534904 8.39873 -0.997079 0.0182964 -0.0712476 0.0205315
0 0 0 1 0 0 0
-2 1 0 1 0 0 0
0.5 0.75 0 1 0 0 0
0.7 0 0 1 0 0 0
-0.5 0.75 0 1 0 0 0
-0.7 0 0 1 0 0 0
0 0.75 0 1 0 0 0
0.4 -0.75 0 1 0 0 0
0 -1 0 1 0 0 0
-0.4 -0.75 0 1 0 0 0
0 -1 0 1 0 0 0
2 1 0 1 0 0 0
0.5 0.75 0 1 0 0 0
0.7 0 0 1 0 0 0
-0.5 0.75 0 1 0 0 0
-0.7 0 0 1 0 0 0
0 0.75 0 1 0 0 0
0.4 -0.75 0 1 0 0 0
0 -1 0 1 0 0 0
-0.4 -0.75 0 1 0 0 0
0 -1 0 1 0 0 0
2 3 10 1 0 0 0
-2 0.5 -5 1 0 0 0
1.22372 0.534904 8.39873 -0.997079 0.0182964 -0.0712476 0.0205315
0 0 0 1 0 0 0
0.790834 2.89091 -0.467131 1 -9.60603e-17 -3.59413e-16 8.0231e-18
0.5 0.75 0 1 0 0 0
0.7 0 0 1 0 0 0
-0.5 0.75 0 1 0 0 0
-0.7 0 0 1 0 0 0
0 0.75 0 1 0 0 0
0.4 -0.75 0 1 0 0 0
0 -1 0 1 0 0 0
-0.4 -0.75 0 1 0 0 0
0 -1 0 1 0 0 0
2 1 0 1 0 0 0
0.5 0.75 0 1 0 0 0
0.7 0 0 1 0 0 0
-0.5 0.75 0 1 0 0 0
-0.7 0 0 1 0 0 0
0 0.75 0 1 0 0 0
0.4 -0.75 0 1 0 0 0
0 -1 0 1 0 0 0
-0.4 -0.75 0 1 0 0 0
0 -1 0 1 0 0 0
2 3 10 1 0 0 0
-2 0.5 -5 1 0 0 0
1.22372 0.534904 8.39873 -0.997079 0.0182964 -0.0712476 0.0205315
0 0 0 1 0 0 0
-0.734513 -0.674663 -0.12591 1 -2.10335e-16 -7.87944e-16 2.14672e-17
0.5 0.75 0 1 0 0 0
0.7 0 0 1 0 0 0
-0.5 0.75 0 1 0 0 0
-0.7 0 0 1 0 0 0
0 0.75 0 1 0 0 0
0.4 -0.75 0 1 0 0 0
0 -1 0 1 0 0 0
-0.4 -0.75 0 1 0 0 0
0 -1 0 1 0 0 0
2 1 0 1 0 0 0
0.5 0.75 0 1 0 0 0
0.7 0 0 1 0 0 0
-0.5 0.75 0 1 0 0 0
-0.7 0 0 1 0 0 0
0 0.75 0 1 0 0 0
0.4 -0.75 0 1 0 0 0
0 -1 0 1 0 0 0
-0.4 -0.75 0 1 0 0 0
0 -1 0 1 0 0 0
2 3 10 1 0 0 0
-2 0.5 -5 1 0 0 0
1.22372 0.534904 8.39873 -0.997079 0.0182964 -0.0712476 0.0205315
0 0 0 1 0 0 0
-0.734513 -0.674663 -0.12591 1 -2.10335e-16 -7.87944e-16 2.14672e-17
0.5 0.75 0 1 0 0 0
0.7 0 0 1 0 0 0
-0.5 0.75 0 1 0 0 0
-0.7 0 0 1 0 0 0
0 0.75 0 1 0 0 0
0.4 -0.75 -6.93889e-17 0.646887 -0.751388 -0.094765 0.0892908
0 -1 0 1 0 0 0
-0.4 -0.75 0 1 0 0 0
0 -1 0 1 0 0 0
2 1 0 1 0 0 0
0.5 0.75 0 1 0 0 0
0.7 0 0 1 0 0 0
-0.5 0.75 0 1 0 0 0
-0.7 0 0 1 0 0 0
0 0.75 0 1 0 0 0
0.4 -0.75 0 1 0 0 0
0 -1 0 1 0 0 0
-0.4 -0.75 0 1 0 0 0
0 -1 0 1 0 0 0
2 3 10 1 0 0 0
-2 0.5 -5 1 0 0 0
1.22372 0.534904 8.39873 -0.997079 0.0182964 -0.0712476 0.0205315
0 0 0 1 0 0 0
-0.734513 -0.674663 -0.12591 1 -2.10335e-16 -7.87944e-16 2.14672e-17
0.5 0.75 0 1 0 0 0
0.7 0 0 1 0 0 0
-0.5 0.75 0 1 0 0 0
-0.7 0 0 1 0 0 0
0 0.75 0 1 0 0 0
0.4 -0.75 -1.48319e-16 0.542858 -0.678252 0.373878 0.324799
0 -1 0 1 0 0 0
-0.4 -0.75 0 1 0 0 0
0 -1 0 1 0 0 0
2 1 0 1 0 0 0
0.5 0.75 0 1 0 0 0
0.7 0 0 1 0 0 0
-0.5 0.75 0 1 0 0 0
-0.7 0 0 1 0 0 0
0 0.75 0 1 0 0 0
0.4 -0.75 0 1 0 0 0
0 -1 0 1 0 0 0
-0.4 -0.75 0 1 0 0 0
0 -1 0 1 0 0 0
2 3 10 1 0 0 0
-2 0.5 -5 1 0 0 0
1.22372 0.534904 8.39873 -0.997079 0.0182964 -0.0712476 0.0205315
0 0 0 1 0 0 0
-0.734513 -0.674663 -0.12591 1 -2.10335e-16 -7.87944e-16 2.14672e-17
0.5 0.75 0 1 0 0 0
0.7 0 0 1 0 0 0
-0.5 0.75 0 1 0 0 0
-0.7 0 0 1 0 0 0
0 0.75 0 1 0 0 0
0.4 -0.75 -2.30718e-16 0.990359 -0.115096 -0.0620353 0.0457544
0 -1 0 1 0 0 0
-0.4 -0.75 0 1 0 0 0
0 -1 0 1 0 0 0
2 1 0 1 0 0 0
0.5 0.75 0 1 0 0 0
0.7 0 0 1 0 0 0
-0.5 0.75 0 1 0 0 0
-0.7 0 0 1 0 0 0
0 0.75 0 1 0 0 0
0.4 -0.75 0 1 0 0 0
0 -1 0 1 0 0 0
-0.4 -0.75 0 1 0 0 0
0 -1 0 1 0 0 0
2 3 10 1 0 0 0
-2 0.5 -5 1 0 0 0
1.22372 0.534904 8.39873 -0.997079 0.0182964 -0.0712476 0.0205315
0 0 0 1 0 0 0
-0.734513 -0.674663 -0.12591 1 -2.10335e-16 -7.87944e-16 2.14672e-17
0.5 0.75 0 1 0 0 0
0.7 0 0 1 0 0 0
-0.5 0.75 0 1 0 0 0
-0.7 0 0 1 0 0 0
0 0.75 0 1 0 0 0
0.4 -0.75 -2.30718e-16 0.990359 -0.115096 -0.0620353 0.0457544
0 -1 0 1 0 0 0
-0.4 -0.75 0 1 0 0 0
0 -1 0 1 0 0 0
2 1 0 1 0 0 0
0.5 0.75 0 1 0 0 0
0.7 0 0 1 0 0 0
-0.5 0.75 0 1 0 0 0
-0.7 0 0 1 0 0 0
0 0.75 0 1 0 0 0
0.4 -0.75 0 1 0 0 0
0 -1 0 1 0 0 0
-0.4 -0.75 0 1 0 0 0
0 -1 0 1 0 0 0
2 3 10 1 0 0 0
-1.32846 0.657789 -0.349237 1 -1.29237e-16 -4.83825e-16 1.19262e-17
1.22372 0.534904 8.39873 -0.997079 0.0182964 -0.0712476 0.0205315
0 0 0 1 0 0 0
-0.734513 -0.674663 -0.12591 1 -2.10335e-16 -7.87944e-16 2.14672e-17
0.5 0.75 0 1 0 0 0
0.7 0 0 1 0 0 0
-0.5 0.75 0 1 0 0 0
-0.7 0 0 1 0 0 0
0 0.75 0 1 0 0 0
0.4 -0.75 -2.30718e-16 0.990359 -0.115096 -0.0620353 0.0457544
0 -1 0 1 0 0 0
-0.4 -0.75 0 1 0 0 0
0 -1 0 1 0 0 0
2 1 0 1 0 0 0
0.5 0.75 0 1 0 0 0
0.7 0 0 1 0 0 0
-0.5 0.75 0 1 0 0 0
-0.7 0 0 1 0 0 0
0 0.75 0 1 0 0 0
0.4 -0.75 0 1 0 0 0
0 -1 0 1 0 0 0
-0.4 -0.75 0 1 0 0 0
0 -1 0 1 0 0 0
2 3 10 1 0 0 0
-0.997462 0.735563 1.94312 1 -2.43512e-16 -9.12356e-16 2.53703e-17
1.22372 0.534904 8.39873 -0.997079 0.0182964 -0.0712476 0.0205315
0 0 0 1 0 0 0
-0.734513 -0.674663 -0.12591 1 -2.10335e-16 -7.87944e-16 2.14672e-17
0.5 0.75 0 1 0 0 0
0.7 0 0 1 0 0 0
-0.5 0.75 0 1 0 0 0
-0.7 0 0 1 0 0 0
0 0.75 0 1 0 0 0
0.4 -0.75 -2.30718e-16 0.990359 -0.115096 -0.0620353 0.0457544
0 -1 0 1 0 0 0
-0.4 -0.75 0 1 0 0 0
0 -1 0 1 0 0 0
2 1 0 1 0 0 0
0.5 0.75 0 1 0 0 0
0.7 0 0 1 0 0 0
-0.5 0.75 0 1 0 0 0
-0.7 0 0 1 0 0 0
0 0.75 0 1 0 0 0
0.4 -0.75 0 1 0 0 0
0 -1 0 1 0 0 0
-0.4 -0.75 0 1 0 0 0
0 -1 0 1 0 0 0
2 3 10 1 0 0 0
0.735678 0.674349 1.69494 1 -3.17021e-16 -1.18883e-15 3.72966e-17
1.22372 0.534904 8.39873 -0.997079 0.0182964 -0.0712476 0.0205315
0 0 0 1 0 0 0
-0.734513 -0.674663 -0.12591 1 -2.10335e-16 -7.87944e-16 2.14672e-17
0.5 0.75 0 1 0 0 0
0.7 0 0 1 0 0 0
-0.5 0.75 0 1 0 0 0
-0.7 0 0 1 0 0 0
0 0.75 0 1 0 0 0
0.4 -0.75 -2.30718e-16 0.990359 -0.115096 -0.0620353 0.0457544
0 -1 0 1 0 0 0
-0.4 -0.75 0 1 0 0 0
0 -1 0 1 0 0 0
2 1 0 1 0 0 0
0.5 0.75 0 1 0 0 0
0.7 0 0 1 0 0 0
-0.5 0.75 0 1 0 0 0
-0.7 0 0 1 0 0 0
0 0.75 0 1 0 0 0
0.4 -0.75 0 1 0 0 0
0 -1 0 1 0 0 0
-0.4 -0.75 0 1 0 0 0
0 -1 0 1 0 0 0
2 3 10 1 0 0 0
2.40814 -0.577453 1.49592 1 -4.16767e-16 -1.56206e-15 4.57533e-17
1.22372 0.534904 8.39873 -0.997079 0.0182964 -0.0712476 0.0205315
0 0 0 1 0 0 0
-0.734513 -0.674663 -0.12591 1 -2.10335e-16 -7.87944e-16 2.14672e-17
0.5 0.75 0 1 0 0 0
0.7 0 0 1 0 0 0
-0.5 0.75 0 1 0 0 0
-0.7 0 0 1 0 0 0
0 0.75 0 1 0 0 0
0.4 -0.75 -2.30718e-16 0.990359 -0.115096 -0.0620353 0.0457544
0 -1 0 1 0 0 0
-0.4 -0.75 0 1 0 0 0
0 -1 0 1 0 0 0
2 1 0 1 0 0 0
0.5 0.75 0 1 0 0 0
0.7 0 0 1 0 0 0
-0.5 0.75 0 1 0 0 0
-0.7 0 0 1 0 0 0
0 0.75 0 1 0 0 0
0.4 -0.75 0 1 0 0 0
0 -1 0 1 0 0 0
-0.4 -0.75 0 1 0 0 0
0 -1 0 1 0 0 0
2 3 10 1 0 0 0
2.64655 3.29392 1.33015 1 -5.45787e-16 -2.04589e-15 6.09322e-17
1.22372 0.534904 8.39873 -0.997079 0.0182964 -0.0712476 0.0205315
0 0 0 1 0 0 0
-0.734513 -0.674663 -0.12591 1 -2.10335e-16 -7.87944e-16 2.14672e-17
0.5 0.75 0 1 0 0 0
0.7 0 0 1 0 0 0
-0.5 0.75 0 1 0 0 0
-0.7 0 0 1 0 0 0
0 0.75 0 1 0 0 0
0.4 -0.75 -2.30718e-16 0.990359 -0.115096 -0.0620353 0.0457544
0 -1 0 1 0 0 0
-0.4 -0.75 0 1 0 0 0
0 -1 0 1 0 0 0
2 1 0 1 0 0 0
0.5 0.75 0 1 0 0 0
0.7 0 0 1 0 0 0
-0.5 0.75 0 1 0 0 0
-0.7 0 0 1 0 0 0
0 0.75 0 1 0 0 0
0.4 -0.75 0 1 0 0 0
0 -1 0 1 0 0 0
-0.4 -0.75 0 1 0 0 0
0 -1 0 1 0 0 0
2 3 10 1 0 0 0
-1.81928 3.49057 1.96831 1 -6.5269e-16 -2.44677e-15 7.35089e-17
1.22372 0.534904 8.39873 -0.997079 0.0182964 -0.0712476 0.0205315
0 0 0 1 0 0 0
-0.734513 -0.674663 -0.12591 1 -2.10335e-16 -7.87944e-16 2.14672e-17
0.5 0.75 0 1 0 0 0
0.7 0 0 1 0 0 0
-0.5 0.75 0 1 0 0 0
-0.7 0 0 1 0 0 0
0 0.75 0 1 0 0 0
0.4 -0.75 -2.30718e-16 0.990359 -0.115096 -0.0620353 0.0457544
0 -1 0 1 0 0 0
-0.4 -0.75 0 1 0 0 0
0 -1 0 1 0 0 0
2 1 0 1 0 0 0
0.5 0.75 0 1 0 0 0
0.7 0 0 1 0 0 0
-0.5 0.75 0 1 0 0 0
-0.7 0 0 1 0 0 0
0 0.75 0 1 0 0 0
0.4 -0.75 0 1 0 0 0
0 -1 0 1 0 0 0
-0.4 -0.75 0 1 0 0 0
0 -1 0 1 0 0 0
2 3 10 1 0 0 0
-2.70751 3.28187 -4.18322 1 -8.03611e-16 -3.01354e-15 9.45424e-17
1.22372 0.534904 8.39873 -0.997079 0.0182964 -0.0712476 0.0205315
0 0 0 1 0 0 0
-0.734513 -0.674663 -0.12591 1 -2.10335e-16 -7.87944e-16 2.14672e-17
0.5 0.75 0 1 0 0 0
0.7 0 0 1 0 0 0
-0.5 0.75 0 1 0 0 0
-0.7 0 0 1 0 0 0
0 0.75 0 1 0 0 0
0.4 -0.75 -2.30718e-16 0.990359 -0.115096 -0.0620353 0.0457544
0 -1 0 1 0 0 0
-0.4 -0.75 0 1 0 0 0
0 -1 0 1 0 0 0
2 1 8.04912e-16 0.642569 0.743277 -0.0064161 -0.186018
0.5 0.75 0 1 0 0 0
0.7 0 0 1 0 0 0
-0.5 0.75 0 1 0 0 0
-0.7 0 0 1 0 0 0
0 0.75 0 1 0 0 0
0.4 -0.75 0 1 0 0 0
0 -1 0 1 0 0 0
-0.4 -0.75 0 1 0 0 0
0 -1 0 1 0 0 0
2 3 10 1 0 0 0
-2.70751 3.28187 -4.18322 1 -8.03611e-16 -3.01354e-15 9.45424e-17
1.22372 0.534904 8.39873 -0.997079 0.0182964 -0.0712476 0.0205315
0 0 0 1 0 0 0
-0.734513 -0.674663 -0.12591 1 -2.10335e-16 -7.87944e-16 2.14672e-17
0.5 0.75 0 1 0 0 0
0.7 0 0 1 0 0 0
-0.5 0.75 0 1 0 0 0
-0.7 0 0 1 0 0 0
0 0.75 0 1 0 0 0
0.4 -0.75 -2.30718e-16 0.990359 -0.115096 -0.0620353 0.0457544
0 -1 0 1 0 0 0
-0.4 -0.75 0 1 0 0 0
0 -1 0 1 0 0 0
2 1 1.249e-15 0.817468 -0.553915 0.0784744 0.136986
0.5 0.75 0 1 0 0 0
0.7 0 0 1 0 0 0
-0.5 0.75 0 1 0 0 0
-0.7 0 0 1 0 0 0
0 0.75 0 1 0 0 0
0.4 -0.75 0 1 0 0 0
0 -1 0 1 0 0 0
-0.4 -0.75 0 1 0 0 0
0 -1 0 1 0 0 0
2 3 10 1 0 0 0
-2.70751 3.28187 -4.18322 1 -8.03611e-16 -3.01354e-15 9.45424e-17
1.22372 0.534904 8.39873 -0.997079 0.0182964 -0.0712476 0.0205315
0 0 0 1 0 0 0
-0.734513 -0.674663 -0.12591 1 -2.10335e-16 -7.87944e-16 2.14672e-17
0.5 0.75 0 1 0 0 0
0.7 0 0 1 0 0 0
-0.5 0.75 0 1 0 0 0
-0.7 0 0 1 0 0 0
0 0.75 0 1 0 0 0
0.4 -0.75 -2.30718e-16 0.990359 -0.115096 -0.0620353 0.0457544
0 -1 0 1 0 0 0
-0.4 -0.75 0 1 0 0 0
0 -1 0 1 0 0 0
2 1 1.249e-15 0.817468 -0.553915 0.0784744 0.136986
0.5 0.75 0 1 0 0 0
0.7 0 0 1 0 0 0
-0.5 0.75 0 1 0 0 0
-0.7 0 0 1 0 0 0
0 0.75 0 1 0 0 0
0.4 -0.75 0 1 0 0 0
0 -1 0 1 0 0 0
-0.4 -0.75 0 1 0 0 0
0 -1 0 1 0 0 0
2 3 10 1 0 0 0
-2.70751 3.28187 -4.18322 1 -8.03611e-16 -3.01354e-15 9.45424e-17
