36 22
0 0.25 7.27255 1 0 0 0
0 0 0 1 0 0 0
-2 1 0 1 0 0 0
0.5 0.75 -1.63064e-16 0.412839 0.607586 -0.561191 -0.381402
0.7 0 0 1 0 0 0
-0.5 0.75 1.31839e-16 0.356467 0.670519 0.570633 0.312592
-0.7 0 0 1 0 0 0
0 0.75 0 1 0 0 0
0.4 -0.75 0 1 0 0 0
0 -1 0 1 0 0 0
-0.4 -0.75 0 1 0 0 0
0 -1 0 1 0 0 0
2 1 0 1 0 0 0
0.5 0.75 0 1 0 0 0
0.7 0 0 1 0 0 0
-0.5 0.75 0 1 0 0 0
-0.7 0 0 1 0 0 0
0 0.75 0 1 0 0 0
0.4 -0.75 0 1 0 0 0
0 -1 0 1 0 0 0
-0.4 -0.75 0 1 0 0 0
0 -1 0 1 0 0 0
0 0.25 7.27255 1 0 0 0
0 0 0 1 0 0 0
-2 1 0 1 0 0 0
0.5 0.75 -1.63064e-16 0.412839 0.607586 -0.561191 -0.381402
0.7 0 0 1 0 0 0
-0.5 0.75 1.31839e-16 0.356467 0.670519 0.570633 0.312592
-0.7 0 0 1 0 0 0
0 0.75 0 1 0 0 0
0.4 -0.75 0 1 0 0 0
0 -1 0 1 0 0 0
-0.4 -0.75 0 1 0 0 0
0 -1 0 1 0 0 0
2 1 0 1 0 0 0
0.5 0.75 0 1 0 0 0
0.7 0 0 1 0 0 0
-0.5 0.75 0 1 0 0 0
-0.7 0 0 1 0 0 0
0 0.75 0 1 0 0 0
0.4 -0.75 0 1 0 0 0
0 -1 0 1 0 0 0
-0.4 -0.75 0 1 0 0 0
0 -1 0 1 0 0 0
0 0.25 7.27255 1 0 0 0
0 0 0 1 0 0 0
-2 1 0 1 0 0 0
0.5 0.75 -2.81025e-16 0.722026 0.276875 -0.631028 -0.0618183
0.7 0 0 1 0 0 0
-0.5 0.75 7.80626e-17 0.498261 0.449952 0.723626 -0.160139
-0.7 0 0 1 0 0 0
0 0.75 0 1 0 0 0
0.4 -0.75 0 1 0 0 0
0 -1 0 1 0 0 0
-0.4 -0.75 0 1 0 0 0
0 -1 0 1 0 0 0
2 1 0 1 0 0 0
0.5 0.75 0 1 0 0 0
0.7 0 0 1 0 0 0
-0.5 0.75 0 1 0 0 0
-0.7 0 0 1 0 0 0
0 0.75 0 1 0 0 0
0.4 -0.75 0 1 0 0 0
0 -1 0 1 0 0 0
-0.4 -0.75 0 1 0 0 0
0 -1 0 1 0 0 0
0 0.25 7.27255 1 0 0 0
0 0 0 1 0 0 0
-2 1 0 1 0 0 0
0.5 0.75 -3.31332e-16 0.658524 -0.32818 -0.505968 0.450156
0.7 0 0 1 0 0 0
-0.5 0.75 1.07553e-16 0.648402 -0.0716834 0.435469 -0.620325
-0.7 0 0 1 0 0 0
0 0.75 0 1 0 0 0
0.4 -0.75 0 1 0 0 0
0 -1 0 1 0 0 0
-0.4 -0.75 0 1 0 0 0
0 -1 0 1 0 0 0
2 1 0 1 0 0 0
0.5 0.75 0 1 0 0 0
0.7 0 0 1 0 0 0
-0.5 0.75 0 1 0 0 0
-0.7 0 0 1 0 0 0
0 0.75 0 1 0 0 0
0.4 -0.75 0 1 0 0 0
0 -1 0 1 0 0 0
-0.4 -0.75 0 1 0 0 0
0 -1 0 1 0 0 0
0 0.25 7.27255 1 0 0 0
0 0 0 1 0 0 0
-2 1 0 1 0 0 0
0.5 0.75 -3.7817e-16 0.997267 -0.0689121 0.0249781 0.00929305
0.7 0 0 1 0 0 0
-0.5 0.75 2.55872e-16 0.833149 0.547732 0.0699165 -0.0310589
-0.7 0 0 1 0 0 0
0 0.75 0 1 0 0 0
0.4 -0.75 0 1 0 0 0
0 -1 0 1 0 0 0
-0.4 -0.75 0 1 0 0 0
0 -1 0 1 0 0 0
2 1 0 1 0 0 0
0.5 0.75 0 1 0 0 0
0.7 0 0 1 0 0 0
-0.5 0.75 0 1 0 0 0
-0.7 0 0 1 0 0 0
0 0.75 0 1 0 0 0
0.4 -0.75 0 1 0 0 0
0 -1 0 1 0 0 0
-0.4 -0.75 0 1 0 0 0
0 -1 0 1 0 0 0
0 0.25 7.27255 1 0 0 0
0 0 0 1 0 0 0
-2 1 0 1 0 0 0
0.5 0.75 -1.63064e-16 0.412839 0.607586 -0.561191 -0.381402
0.7 0 0 1 0 0 0
-0.5 0.75 1.31839e-16 0.356467 0.670519 0.570633 0.312592
-0.7 0 0 1 0 0 0
0 0.75 0 1 0 0 0
0.4 -0.75 0 1 0 0 0
0 -1 0 1 0 0 0
-0.4 -0.75 0 1 0 0 0
0 -1 0 1 0 0 0
2 1 0 1 0 0 0
0.5 0.75 0 1 0 0 0
0.7 0 0 1 0 0 0
-0.5 0.75 0 1 0 0 0
-0.7 0 0 1 0 0 0
0 0.75 0 1 0 0 0
0.4 -0.75 0 1 0 0 0
0 -1 0 1 0 0 0
-0.4 -0.75 0 1 0 0 0
0 -1 0 1 0 0 0
0 0.25 7.27255 1 0 0 0
0 0 0 1 0 0 0
-2 1 0 1 0 0 0
0.5 0.75 -2.81025e-16 0.722026 0.276875 -0.631028 -0.0618183
0.7 0 0 1 0 0 0
-0.5 0.75 7.80626e-17 0.498261 0.449952 0.723626 -0.160139
-0.7 0 0 1 0 0 0
0 0.75 0 1 0 0 0
0.4 -0.75 0 1 0 0 0
0 -1 0 1 0 0 0
-0.4 -0.75 0 1 0 0 0
0 -1 0 1 0 0 0
2 1 0 1 0 0 0
0.5 0.75 0 1 0 0 0
0.7 0 0 1 0 0 0
-0.5 0.75 0 1 0 0 0
-0.7 0 0 1 0 0 0
0 0.75 0 1 0 0 0
0.4 -0.75 0 1 0 0 0
0 -1 0 1 0 0 0
-0.4 -0.75 0 1 0 0 0
0 -1 0 1 0 0 0
0 0.25 7.27255 1 0 0 0
0 0 0 1 0 0 0
-2 1 0 1 0 0 0
0.5 0.75 -3.31332e-16 0.658524 -0.32818 -0.505968 0.450156
0.7 0 0 1 0 0 0
-0.5 0.75 1.07553e-16 0.648402 -0.0716834 0.435469 -0.620325
-0.7 0 0 1 0 0 0
0 0.75 0 1 0 0 0
0.4 -0.75 0 1 0 0 0
0 -1 0 1 0 0 0
-0.4 -0.75 0 1 0 0 0
0 -1 0 1 0 0 0
2 1 0 1 0 0 0
0.5 0.75 0 1 0 0 0
0.7 0 0 1 0 0 0
-0.5 0.75 0 1 0 0 0
-0.7 0 0 1 0 0 0
0 0.75 0 1 0 0 0
0.4 -0.75 0 1 0 0 0
0 -1 0 1 0 0 0
-0.4 -0.75 0 1 0 0 0
0 -1 0 1 0 0 0
0 0.25 7.27255 1 0 0 0
0 0 0 1 0 0 0
-2 1 0 1 0 0 0
0.5 0.75 -3.7817e-16 0.997267 -0.0689121 0.0249781 0.00929305
0.7 0 0 1 0 0 0
-0.5 0.75 2.55872e-16 0.833149 0.547732 0.0699165 -0.0310589
-0.7 0 0 1 0 0 0
0 0.75 0 1 0 0 0
0.4 -0.75 0 1 0 0 0
0 -1 0 1 0 0 0
-0.4 -0.75 0 1 0 0 0
0 -1 0 1 0 0 0
2 1 0 1 0 0 0
0.5 0.75 0 1 0 0 0
0.7 0 0 1 0 0 0
-0.5 0.75 0 1 0 0 0
-0.7 0 0 1 0 0 0
0 0.75 0 1 0 0 0
0.4 -0.75 0 1 0 0 0
0 -1 0 1 0 0 0
-0.4 -0.75 0 1 0 0 0
0 -1 0 1 0 0 0
0 0.25 7.27255 1 0 0 0
0 0 0 1 0 0 0
-2 1 0 1 0 0 0
0.5 0.75 -1.63064e-16 0.412839 0.607586 -0.561191 -0.381402
0.7 0 0 1 0 0 0
-0.5 0.75 1.31839e-16 0.356467 0.670519 0.570633 0.312592
-0.7 0 0 1 0 0 0
0 0.75 0 1 0 0 0
0.4 -0.75 0 1 0 0 0
0 -1 0 1 0 0 0
-0.4 -0.75 0 1 0 0 0
0 -1 0 1 0 0 0
2 1 0 1 0 0 0
0.5 0.75 0 1 0 0 0
0.7 0 0 1 0 0 0
-0.5 0.75 0 1 0 0 0
-0.7 0 0 1 0 0 0
0 0.75 0 1 0 0 0
0.4 -0.75 0 1 0 0 0
0 -1 0 1 0 0 0
-0.4 -0.75 0 1 0 0 0
0 -1 0 1 0 0 0
0 0.25 7.27255 1 0 0 0
0 0 0 1 0 0 0
-2 1 0 1 0 0 0
0.5 0.75 -2.81025e-16 0.722026 0.276875 -0.631028 -0.0618183
0.7 0 0 1 0 0 0
-0.5 0.75 7.80626e-17 0.498261 0.449952 0.723626 -0.160139
-0.7 0 0 1 0 0 0
0 0.75 0 1 0 0 0
0.4 -0.75 0 1 0 0 0
0 -1 0 1 0 0 0
-0.4 -0.75 0 1 0 0 0
0 -1 0 1 0 0 0
2 1 0 1 0 0 0
0.5 0.75 0 1 0 0 0
0.7 0 0 1 0 0 0
-0.5 0.75 0 1 0 0 0
-0.7 0 0 1 0 0 0
0 0.75 0 1 0 0 0
0.4 -0.75 0 1 0 0 0
0 -1 0 1 0 0 0
-0.4 -0.75 0 1 0 0 0
0 -1 0 1 0 0 0
0 0.25 7.27255 1 0 0 0
0 0 0 1 0 0 0
-2 1 0 1 0 0 0
0.5 0.75 -3.31332e-16 0.658524 -0.32818 -0.505968 0.450156
0.7 0 0 1 0 0 0
-0.5 0.75 1.07553e-16 0.648402 -0.0716834 0.435469 -0.620325
-0.7 0 0 1 0 0 0
0 0.75 0 1 0 0 0
0.4 -0.75 0 1 0 0 0
0 -1 0 1 0 0 0
-0.4 -0.75 0 1 0 0 0
0 -1 0 1 0 0 0
2 1 0 1 0 0 0
0.5 0.75 0 1 0 0 0
0.7 0 0 1 0 0 0
-0.5 0.75 0 1 0 0 0
-0.7 0 0 1 0 0 0
0 0.75 0 1 0 0 0
0.4 -0.75 0 1 0 0 0
0 -1 0 1 0 0 0
-0.4 -0.75 0 1 0 0 0
0 -1 0 1 0 0 0
0 0.25 7.27255 1 0 0 0
0 0 0 1 0 0 0
-2 1 0 1 0 0 0
0.5 0.75 -3.7817e-16 0.997267 -0.0689121 0.0249781 0.00929305
0.7 0 0 1 0 0 0
-0.5 0.75 2.55872e-16 0.833149 0.547732 0.0699165 -0.0310589
-0.7 0 0 1 0 0 0
0 0.75 0 1 0 0 0
0.4 -0.75 0 1 0 0 0
0 -1 0 1 0 0 0
-0.4 -0.75 0 1 0 0 0
0 -1 0 1 0 0 0
2 1 0 1 0 0 0
0.5 0.75 0 1 0 0 0
0.7 0 0 1 0 0 0
-0.5 0.75 0 1 0 0 0
-0.7 0 0 1 0 0 0
0 0.75 0 1 0 0 0
0.4 -0.75 0 1 0 0 0
0 -1 0 1 0 0 0
-0.4 -0.75 0 1 0 0 0
0 -1 0 1 0 0 0
0 0.25 7.27255 1 0 0 0
0 0 0 1 0 0 0
-2 1 0 1 0 0 0
0.5 0.75 -1.63064e-16 0.412839 0.607586 -0.561191 -0.381402
0.7 0 0 1 0 0 0
-0.5 0.75 1.31839e-16 0.356467 0.670519 0.570633 0.312592
-0.7 0 0 1 0 0 0
0 0.75 0 1 0 0 0
0.4 -0.75 0 1 0 0 0
0 -1 0 1 0 0 0
-0.4 -0.75 0 1 0 0 0
0 -1 0 1 0 0 0
2 1 0 1 0 0 0
0.5 0.75 0 1 0 0 0
0.7 0 0 1 0 0 0
-0.5 0.75 0 1 0 0 0
-0.7 0 0 1 0 0 0
0 0.75 0 1 0 0 0
0.4 -0.75 0 1 0 0 0
0 -1 0 1 0 0 0
-0.4 -0.75 0 1 0 0 0
0 -1 0 1 0 0 0
0 0.25 7.27255 1 0 0 0
0 0 0 1 0 0 0
-2 1 0 1 0 0 0
0.5 0.75 -2.81025e-16 0.722026 0.276875 -0.631028 -0.0618183
0.7 0 0 1 0 0 0
-0.5 0.75 7.80626e-17 0.498261 0.449952 0.723626 -0.160139
-0.7 0 0 1 0 0 0
0 0.75 0 1 0 0 0
0.4 -0.75 0 1 0 0 0
0 -1 0 1 0 0 0
-0.4 -0.75 0 1 0 0 0
0 -1 0 1 0 0 0
2 1 0 1 0 0 0
0.5 0.75 0 1 0 0 0
0.7 0 0 1 0 0 0
-0.5 0.75 0 1 0 0 0
-0.7 0 0 1 0 0 0
0 0.75 0 1 0 0 0
0.4 -0.75 0 1 0 0 0
0 -1 0 1 0 0 0
-0.4 -0.75 0 1 0 0 0
0 -1 0 1 0 0 0
0 0.25 7.27255 1 0 0 0
0 0 0 1 0 0 0
-2 1 0 1 0 0 0
0.5 0.75 -3.31332e-16 0.658524 -0.32818 -0.505968 0.450156
0.7 0 0 1 0 0 0
-0.5 0.75 1.07553e-16 0.648402 -0.0716834 0.435469 -0.620325
-0.7 0 0 1 0 0 0
0 0.75 0 1 0 0 0
0.4 -0.75 0 1 0 0 0
0 -1 0 1 0 0 0
-0.4 -0.75 0 1 0 0 0
0 -1 0 1 0 0 0
2 1 0 1 0 0 0
0.5 0.75 0 1 0 0 0
0.7 0 0 1 0 0 0
-0.5 0.75 0 1 0 0 0
-0.7 0 0 1 0 0 0
0 0.75 0 1 0 0 0
0.4 -0.75 0 1 0 0 0
0 -1 0 1 0 0 0
-0.4 -0.75 0 1 0 0 0
0 -1 0 1 0 0 0
0 0.25 7.27255 1 0 0 0
0 0 0 1 0 0 0
-2 1 0 1 0 0 0
0.5 0.75 -3.7817e-16 0.997267 -0.0689121 0.0249781 0.00929305
0.7 0 0 1 0 0 0
-0.5 0.75 2.55872e-16 0.833149 0.547732 0.0699165 -0.0310589
-0.7 0 0 1 0 0 0
0 0.75 0 1 0 0 0
0.4 -0.75 0 1 0 0 0
0 -1 0 1 0 0 0
-0.4 -0.75 0 1 0 0 0
0 -1 0 1 0 0 0
2 1 0 1 0 0 0
0.5 0.75 0 1 0 0 0
0.7 0 0 1 0 0 0
-0.5 0.75 0 1 0 0 0
-0.7 0 0 1 0 0 0
0 0.75 0 1 0 0 0
0.4 -0.75 0 1 0 0 0
0 -1 0 1 0 0 0
-0.4 -0.75 0 1 0 0 0
0 -1 0 1 0 0 0
0 0.25 7.27255 1 0 0 0
0 0 0 1 0 0 0
-2 1 0 1 0 0 0
0.5 0.75 9.19403e-17 -0.607892 0.436252 -0.364125 0.554584
0.7 0 0 1 0 0 0
-0.5 0.75 4.3715e-16 0.00511922 0.738676 0.666487 -0.100627
-0.7 0 0 1 0 0 0
0 0.75 0 1 0 0 0
0.4 -0.75 0 1 0 0 0
0 -1 0 1 0 0 0
-0.4 -0.75 0 1 0 0 0
0 -1 0 1 0 0 0
2 1 0 1 0 0 0
0.5 0.75 0 1 0 0 0
0.7 0 0 1 0 0 0
-0.5 0.75 0 1 0 0 0
-0.7 0 0 1 0 0 0
0 0.75 0 1 0 0 0
0.4 -0.75 0 1 0 0 0
0 -1 0 1 0 0 0
-0.4 -0.75 0 1 0 0 0
0 -1 0 1 0 0 0
0 0.25 7.27255 1 0 0 0
0 0 0 1 0 0 0
-2 1 0 1 0 0 0
0.5 0.75 -1.63064e-16 0.412839 0.607586 -0.561191 -0.381402
0.7 0 0 1 0 0 0
-0.5 0.75 1.31839e-16 0.356467 0.670519 0.570633 0.312592
-0.7 0 0 1 0 0 0
0 0.75 0 1 0 0 0
0.4 -0.75 0 1 0 0 0
0 -1 0 1 0 0 0
-0.4 -0.75 0 1 0 0 0
0 -1 0 1 0 0 0
2 1 0 1 0 0 0
0.5 0.75 0 1 0 0 0
0.7 0 0 1 0 0 0
-0.5 0.75 0 1 0 0 0
-0.7 0 0 1 0 0 0
0 0.75 0 1 0 0 0
0.4 -0.75 0 1 0 0 0
0 -1 0 1 0 0 0
-0.4 -0.75 0 1 0 0 0
0 -1 0 1 0 0 0
0 0.25 7.27255 1 0 0 0
0 0 0 1 0 0 0
-2 -0.213718 1.00614e-16 0.960664 0.277259 0.0135877 0.00814921
0.5 0.75 9.19403e-17 -0.607892 0.436252 -0.364125 0.554584
0.7 0 0 1 0 0 0
-0.5 0.75 4.3715e-16 0.00511922 0.738676 0.666487 -0.100627
-0.7 0 0 1 0 0 0
0 0.75 0 1 0 0 0
0.4 -0.75 5.13478e-16 0.182307 -0.981466 -0.0566017 0.0169047
-2.18358e-16 -1 4.66988e-15 0.44075 0.895579 0.0170691 -0.0581881
-0.4 -0.75 1.24727e-15 0.197809 -0.980128 -0.0101954 0.0107617
6.01082e-16 -1 7.74489e-15 0.403227 0.906683 -0.0394872 -0.117362
2 1 0 1 0 0 0
0.5 0.75 0 1 0 0 0
0.7 0 0 1 0 0 0
-0.5 0.75 0 1 0 0 0
-0.7 0 0 1 0 0 0
0 0.75 0 1 0 0 0
0.4 -0.75 0 1 0 0 0
0 -1 0 1 0 0 0
-0.4 -0.75 0 1 0 0 0
0 -1 0 1 0 0 0
0 0.25 7.27255 1 0 0 0
0 0 0 1 0 0 0
-2 -0.213718 9.54098e-17 0.914554 0.404205 0.0116855 0.00854794
0.5 0.75 9.19403e-17 -0.607892 0.436252 -0.364125 0.554584
0.7 0 0 1 0 0 0
-0.5 0.75 4.3715e-16 0.00511922 0.738676 0.666487 -0.100627
-0.7 0 0 1 0 0 0
0 0.75 0 1 0 0 0
0.4 -0.75 5.13478e-16 0.182307 -0.981466 -0.0566017 0.0169047
-2.18358e-16 -1 4.66988e-15 0.44075 0.895579 0.0170691 -0.0581881
-0.4 -0.75 1.24727e-15 0.197809 -0.980128 -0.0101954 0.0107617
6.01082e-16 -1 7.74489e-15 0.403227 0.906683 -0.0394872 -0.117362
2 1 0 1 0 0 0
0.5 0.75 0 1 0 0 0
0.7 0 0 1 0 0 0
-0.5 0.75 0 1 0 0 0
-0.7 0 0 1 0 0 0
0 0.75 0 1 0 0 0
0.4 -0.75 0 1 0 0 0
0 -1 0 1 0 0 0
-0.4 -0.75 0 1 0 0 0
0 -1 0 1 0 0 0
0 0.25 7.27255 1 0 0 0
0 0 0 1 0 0 0
-2.0164 0.294731 1.71901e-16 0.813089 0.580351 0.0423334 -0.0169636
0.5 0.75 -2.67147e-16 -0.40663 0.624844 -0.138868 0.651872
0.7 0 0 1 0 0 0
-0.5 0.75 1.03043e-15 0.186756 0.678823 0.683204 -0.193785
-0.7 0 0 1 0 0 0
0 0.75 0 1 0 0 0
0.4 -0.75 5.86337e-15 0.640035 -0.766014 -0.0303165 0.0515719
-2.56739e-16 -1 9.53057e-15 0.937275 0.312671 0.153439 -0.014428
-0.382931 -0.7603 0.0347479 0.725845 -0.685063 0.0134885 0.0604575
-5.0307e-17 -1 8.46545e-15 0.979138 0.193491 -0.00181773 -0.0620216
2 1 0 1 0 0 0
0.5 0.75 0 1 0 0 0
0.7 0 0 1 0 0 0
-0.5 0.75 0 1 0 0 0
-0.7 0 0 1 0 0 0
0 0.75 0 1 0 0 0
0.4 -0.75 0 1 0 0 0
0 -1 0 1 0 0 0
-0.4 -0.75 0 1 0 0 0
0 -1 0 1 0 0 0
0 0.25 7.27255 1 0 0 0
0 0 0 1 0 0 0
-2.0164 0.294731 1.68268e-16 0.863097 0.501201 0.0567711 -0.0252472
0.5 0.75 -2.67147e-16 -0.40663 0.624844 -0.138868 0.651872
0.7 0 0 1 0 0 0
-0.5 0.75 1.03043e-15 0.186756 0.678823 0.683204 -0.193785
-0.7 0 0 1 0 0 0
0 0.75 0 1 0 0 0
0.4 -0.75 5.36376e-15 0.727581 -0.681537 -0.0361871 0.069457
-2.56739e-16 -1 9.53057e-15 0.937275 0.312671 0.153439 -0.014428
-0.382931 -0.7603 0.0347479 0.802007 -0.592415 -0.00668508 0.0760517
-5.0307e-17 -1 8.46545e-15 0.979138 0.193491 -0.00181773 -0.0620216
2 1 0 1 0 0 0
0.5 0.75 0 1 0 0 0
0.7 0 0 1 0 0 0
-0.5 0.75 0 1 0 0 0
-0.7 0 0 1 0 0 0
0 0.75 0 1 0 0 0
0.4 -0.75 0 1 0 0 0
0 -1 0 1 0 0 0
-0.4 -0.75 0 1 0 0 0
0 -1 0 1 0 0 0
0 0.25 7.27255 1 0 0 0
0 0 0 1 0 0 0
-2 -0.213718 1.00614e-16 0.960664 0.277259 0.0135877 0.00814921
0.5 0.75 9.19403e-17 -0.607892 0.436252 -0.364125 0.554584
0.7 0 0 1 0 0 0
-0.5 0.75 4.3715e-16 0.00511922 0.738676 0.666487 -0.100627
-0.7 0 0 1 0 0 0
0 0.75 0 1 0 0 0
0.4 -0.75 5.13478e-16 0.182307 -0.981466 -0.0566017 0.0169047
-2.18358e-16 -1 4.66988e-15 0.44075 0.895579 0.0170691 -0.0581881
-0.4 -0.75 1.24727e-15 0.197809 -0.980128 -0.0101954 0.0107617
6.01082e-16 -1 7.74489e-15 0.403227 0.906683 -0.0394872 -0.117362
2 1 0 1 0 0 0
0.5 0.75 0 1 0 0 0
0.7 0 0 1 0 0 0
-0.5 0.75 0 1 0 0 0
-0.7 0 0 1 0 0 0
0 0.75 0 1 0 0 0
0.4 -0.75 0 1 0 0 0
0 -1 0 1 0 0 0
-0.4 -0.75 0 1 0 0 0
0 -1 0 1 0 0 0
0 0.25 7.27255 1 0 0 0
0 0 0 1 0 0 0
-2 -0.213718 9.54098e-17 0.914554 0.404205 0.0116855 0.00854794
0.5 0.75 9.19403e-17 -0.607892 0.436252 -0.364125 0.554584
0.7 0 0 1 0 0 0
-0.5 0.75 4.3715e-16 0.00511922 0.738676 0.666487 -0.100627
-0.7 0 0 1 0 0 0
0 0.75 0 1 0 0 0
0.4 -0.75 5.13478e-16 0.182307 -0.981466 -0.0566017 0.0169047
-2.18358e-16 -1 4.66988e-15 0.44075 0.895579 0.0170691 -0.0581881
-0.4 -0.75 1.24727e-15 0.197809 -0.980128 -0.0101954 0.0107617
6.01082e-16 -1 7.74489e-15 0.403227 0.906683 -0.0394872 -0.117362
2 1 0 1 0 0 0
0.5 0.75 0 1 0 0 0
0.7 0 0 1 0 0 0
-0.5 0.75 0 1 0 0 0
-0.7 0 0 1 0 0 0
0 0.75 0 1 0 0 0
0.4 -0.75 0 1 0 0 0
0 -1 0 1 0 0 0
-0.4 -0.75 0 1 0 0 0
0 -1 0 1 0 0 0
0 0.25 7.27255 1 0 0 0
0 0 0 1 0 0 0
-2.0164 0.294731 1.71901e-16 0.813089 0.580351 0.0423334 -0.0169636
0.5 0.75 -2.67147e-16 -0.40663 0.624844 -0.138868 0.651872
0.7 0 0 1 0 0 0
-0.5 0.75 1.03043e-15 0.186756 0.678823 0.683204 -0.193785
-0.7 0 0 1 0 0 0
0 0.75 0 1 0 0 0
0.4 -0.75 5.86337e-15 0.640035 -0.766014 -0.0303165 0.0515719
-2.56739e-16 -1 9.53057e-15 0.937275 0.312671 0.153439 -0.014428
-0.382931 -0.7603 0.0347479 0.725845 -0.685063 0.0134885 0.0604575
-5.0307e-17 -1 8.46545e-15 0.979138 0.193491 -0.00181773 -0.0620216
2 1 0 1 0 0 0
0.5 0.75 0 1 0 0 0
0.7 0 0 1 0 0 0
-0.5 0.75 0 1 0 0 0
-0.7 0 0 1 0 0 0
0 0.75 0 1 0 0 0
0.4 -0.75 0 1 0 0 0
0 -1 0 1 0 0 0
-0.4 -0.75 0 1 0 0 0
0 -1 0 1 0 0 0
0 0.25 7.27255 1 0 0 0
0 0 0 1 0 0 0
-2.0164 0.294731 1.68268e-16 0.863097 0.501201 0.0567711 -0.0252472
0.5 0.75 -2.67147e-16 -0.40663 0.624844 -0.138868 0.651872
0.7 0 0 1 0 0 0
-0.5 0.75 1.03043e-15 0.186756 0.678823 0.683204 -0.193785
-0.7 0 0 1 0 0 0
0 0.75 0 1 0 0 0
0.4 -0.75 5.36376e-15 0.727581 -0.681537 -0.0361871 0.069457
-2.56739e-16 -1 9.53057e-15 0.937275 0.312671 0.153439 -0.014428
-0.382931 -0.7603 0.0347479 0.802007 -0.592415 -0.00668508 0.0760517
-5.0307e-17 -1 8.46545e-15 0.979138 0.193491 -0.00181773 -0.0620216
2 1 0 1 0 0 0
0.5 0.75 0 1 0 0 0
0.7 0 0 1 0 0 0
-0.5 0.75 0 1 0 0 0
-0.7 0 0 1 0 0 0
0 0.75 0 1 0 0 0
0.4 -0.75 0 1 0 0 0
0 -1 0 1 0 0 0
-0.4 -0.75 0 1 0 0 0
0 -1 0 1 0 0 0
0 0.25 7.27255 1 0 0 0
0 0 0 1 0 0 0
-2 -0.213718 1.00614e-16 0.960664 0.277259 0.0135877 0.00814921
0.5 0.75 9.19403e-17 -0.607892 0.436252 -0.364125 0.554584
0.7 0 0 1 0 0 0
-0.5 0.75 4.3715e-16 0.00511922 0.738676 0.666487 -0.100627
-0.7 0 0 1 0 0 0
0 0.75 0 1 0 0 0
0.4 -0.75 5.13478e-16 0.182307 -0.981466 -0.0566017 0.0169047
-2.18358e-16 -1 4.66988e-15 0.44075 0.895579 0.0170691 -0.0581881
-0.4 -0.75 1.24727e-15 0.197809 -0.980128 -0.0101954 0.0107617
6.01082e-16 -1 7.74489e-15 0.403227 0.906683 -0.0394872 -0.117362
2 1 0 1 0 0 0
0.5 0.75 0 1 0 0 0
0.7 0 0 1 0 0 0
-0.5 0.75 0 1 0 0 0
-0.7 0 0 1 0 0 0
0 0.75 0 1 0 0 0
0.4 -0.75 0 1 0 0 0
0 -1 0 1 0 0 0
-0.4 -0.75 0 1 0 0 0
0 -1 0 1 0 0 0
0 0.25 7.27255 1 0 0 0
0 0 0 1 0 0 0
-2 -0.213718 9.54098e-17 0.914554 0.404205 0.0116855 0.00854794
0.5 0.75 9.19403e-17 -0.607892 0.436252 -0.364125 0.554584
0.7 0 0 1 0 0 0
-0.5 0.75 4.3715e-16 0.00511922 0.738676 0.666487 -0.100627
-0.7 0 0 1 0 0 0
0 0.75 0 1 0 0 0
0.4 -0.75 5.13478e-16 0.182307 -0.981466 -0.0566017 0.0169047
-2.18358e-16 -1 4.66988e-15 0.44075 0.895579 0.0170691 -0.0581881
-0.4 -0.75 1.24727e-15 0.197809 -0.980128 -0.0101954 0.0107617
6.01082e-16 -1 7.74489e-15 0.403227 0.906683 -0.0394872 -0.117362
2 1 0 1 0 0 0
0.5 0.75 0 1 0 0 0
0.7 0 0 1 0 0 0
-0.5 0.75 0 1 0 0 0
-0.7 0 0 1 0 0 0
0 0.75 0 1 0 0 0
0.4 -0.75 0 1 0 0 0
0 -1 0 1 0 0 0
-0.4 -0.75 0 1 0 0 0
0 -1 0 1 0 0 0
0 0.25 7.27255 1 0 0 0
0 0 0 1 0 0 0
-2.0164 0.294731 1.71901e-16 0.813089 0.580351 0.0423334 -0.0169636
0.5 0.75 -2.67147e-16 -0.40663 0.624844 -0.138868 0.651872
0.7 0 0 1 0 0 0
-0.5 0.75 1.03043e-15 0.186756 0.678823 0.683204 -0.193785
-0.7 0 0 1 0 0 0
0 0.75 0 1 0 0 0
0.4 -0.75 5.86337e-15 0.640035 -0.766014 -0.0303165 0.0515719
-2.56739e-16 -1 9.53057e-15 0.937275 0.312671 0.153439 -0.014428
-0.382931 -0.7603 0.0347479 0.725845 -0.685063 0.0134885 0.0604575
-5.0307e-17 -1 8.46545e-15 0.979138 0.193491 -0.00181773 -0.0620216
2 1 0 1 0 0 0
0.5 0.75 0 1 0 0 0
0.7 0 0 1 0 0 0
-0.5 0.75 0 1 0 0 0
-0.7 0 0 1 0 0 0
0 0.75 0 1 0 0 0
0.4 -0.75 0 1 0 0 0
0 -1 0 1 0 0 0
-0.4 -0.75 0 1 0 0 0
0 -1 0 1 0 0 0
0 0.25 7.27255 1 0 0 0
0 0 0 1 0 0 0
-2.0164 0.294731 1.68268e-16 0.863097 0.501201 0.0567711 -0.0252472
0.5 0.75 -2.67147e-16 -0.40663 0.624844 -0.138868 0.651872
0.7 0 0 1 0 0 0
-0.5 0.75 1.03043e-15 0.186756 0.678823 0.683204 -0.193785
-0.7 0 0 1 0 0 0
0 0.75 0 1 0 0 0
0.4 -0.75 5.36376e-15 0.727581 -0.681537 -0.0361871 0.069457
-2.56739e-16 -1 9.53057e-15 0.937275 0.312671 0.153439 -0.014428
-0.382931 -0.7603 0.0347479 0.802007 -0.592415 -0.00668508 0.0760517
-5.0307e-17 -1 8.46545e-15 0.979138 0.193491 -0.00181773 -0.0620216
2 1 0 1 0 0 0
0.5 0.75 0 1 0 0 0
0.7 0 0 1 0 0 0
-0.5 0.75 0 1 0 0 0
-0.7 0 0 1 0 0 0
0 0.75 0 1 0 0 0
0.4 -0.75 0 1 0 0 0
0 -1 0 1 0 0 0
-0.4 -0.75 0 1 0 0 0
0 -1 0 1 0 0 0
0 0.25 7.27255 1 0 0 0
0 0 0 1 0 0 0
-2 -0.213718 1.00614e-16 0.960664 0.277259 0.0135877 0.00814921
0.5 0.75 9.19403e-17 -0.607892 0.436252 -0.364125 0.554584
0.7 0 0 1 0 0 0
-0.5 0.75 4.3715e-16 0.00511922 0.738676 0.666487 -0.100627
-0.7 0 0 1 0 0 0
0 0.75 0 1 0 0 0
0.4 -0.75 5.13478e-16 0.182307 -0.981466 -0.0566017 0.0169047
-2.18358e-16 -1 4.66988e-15 0.44075 0.895579 0.0170691 -0.0581881
-0.4 -0.75 1.24727e-15 0.197809 -0.980128 -0.0101954 0.0107617
6.01082e-16 -1 7.74489e-15 0.403227 0.906683 -0.0394872 -0.117362
2 1 0 1 0 0 0
0.5 0.75 0 1 0 0 0
0.7 0 0 1 0 0 0
-0.5 0.75 0 1 0 0 0
-0.7 0 0 1 0 0 0
0 0.75 0 1 0 0 0
0.4 -0.75 0 1 0 0 0
0 -1 0 1 0 0 0
-0.4 -0.75 0 1 0 0 0
0 -1 0 1 0 0 0
0 0.25 7.27255 1 0 0 0
0 0 0 1 0 0 0
-2 -0.213718 9.54098e-17 0.914554 0.404205 0.0116855 0.00854794
0.5 0.75 9.19403e-17 -0.607892 0.436252 -0.364125 0.554584
0.7 0 0 1 0 0 0
-0.5 0.75 4.3715e-16 0.00511922 0.738676 0.666487 -0.100627
-0.7 0 0 1 0 0 0
0 0.75 0 1 0 0 0
0.4 -0.75 5.13478e-16 0.182307 -0.981466 -0.0566017 0.0169047
-2.18358e-16 -1 4.66988e-15 0.44075 0.895579 0.0170691 -0.0581881
-0.4 -0.75 1.24727e-15 0.197809 -0.980128 -0.0101954 0.0107617
6.01082e-16 -1 7.74489e-15 0.403227 0.906683 -0.0394872 -0.117362
2 1 0 1 0 0 0
0.5 0.75 0 1 0 0 0
0.7 0 0 1 0 0 0
-0.5 0.75 0 1 0 0 0
-0.7 0 0 1 0 0 0
0 0.75 0 1 0 0 0
0.4 -0.75 0 1 0 0 0
0 -1 0 1 0 0 0
-0.4 -0.75 0 1 0 0 0
0 -1 0 1 0 0 0
0 0.25 7.27255 1 0 0 0
0 0 0 1 0 0 0
-2.0164 0.294731 1.71901e-16 0.813089 0.580351 0.0423334 -0.0169636
0.5 0.75 -2.67147e-16 -0.40663 0.624844 -0.138868 0.651872
0.7 0 0 1 0 0 0
-0.5 0.75 1.03043e-15 0.186756 0.678823 0.683204 -0.193785
-0.7 0 0 1 0 0 0
0 0.75 0 1 0 0 0
0.4 -0.75 5.86337e-15 0.640035 -0.766014 -0.0303165 0.0515719
-2.56739e-16 -1 9.53057e-15 0.937275 0.312671 0.153439 -0.014428
-0.382931 -0.7603 0.0347479 0.725845 -0.685063 0.0134885 0.0604575
-5.0307e-17 -1 8.46545e-15 0.979138 0.193491 -0.00181773 -0.0620216
2 1 0 1 0 0 0
0.5 0.75 0 1 0 0 0
0.7 0 0 1 0 0 0
-0.5 0.75 0 1 0 0 0
-0.7 0 0 1 0 0 0
0 0.75 0 1 0 0 0
0.4 -0.75 0 1 0 0 0
0 -1 0 1 0 0 0
-0.4 -0.75 0 1 0 0 0
0 -1 0 1 0 0 0
0 0.25 7.27255 1 0 0 0
0 0 0 1 0 0 0
-2.0164 0.294731 1.68268e-16 0.863097 0.501201 0.0567711 -0.0252472
0.5 0.75 -2.67147e-16 -0.40663 0.624844 -0.138868 0.651872
0.7 0 0 1 0 0 0
-0.5 0.75 1.03043e-15 0.186756 0.678823 0.683204 -0.193785
-0.7 0 0 1 0 0 0
0 0.75 0 1 0 0 0
0.4 -0.75 5.36376e-15 0.727581 -0.681537 -0.0361871 0.069457
-2.56739e-16 -1 9.53057e-15 0.937275 0.312671 0.153439 -0.014428
-0.382931 -0.7603 0.0347479 0.802007 -0.592415 -0.00668508 0.0760517
-5.0307e-17 -1 8.46545e-15 0.979138 0.193491 -0.00181773 -0.0620216
2 1 0 1 0 0 0
0.5 0.75 0 1 0 0 0
0.7 0 0 1 0 0 0
-0.5 0.75 0 1 0 0 0
-0.7 0 0 1 0 0 0
0 0.75 0 1 0 0 0
0.4 -0.75 0 1 0 0 0
0 -1 0 1 0 0 0
-0.4 -0.75 0 1 0 0 0
0 -1 0 1 0 0 0
0 0.25 7.27255 1 0 0 0
0 0 0 1 0 0 0
-2 1 0 1 0 0 0
0.5 0.75 -1.63064e-16 0.412839 0.607586 -0.561191 -0.381402
0.7 0 0 1 0 0 0
-0.5 0.75 1.31839e-16 0.356467 0.670519 0.570633 0.312592
-0.7 0 0 1 0 0 0
0 0.75 0 1 0 0 0
0.4 -0.75 0 1 0 0 0
0 -1 0 1 0 0 0
-0.4 -0.75 0 1 0 0 0
0 -1 0 1 0 0 0
2 1 0 1 0 0 0
0.5 0.75 0 1 0 0 0
0.7 0 0 1 0 0 0
-0.5 0.75 0 1 0 0 0
-0.7 0 0 1 0 0 0
0 0.75 0 1 0 0 0
0.4 -0.75 0 1 0 0 0
0 -1 0 1 0 0 0
-0.4 -0.75 0 1 0 0 0
0 -1 0 1 0 0 0
